canberra:
  lat: -35.363261
  lon: 149.16523
  alt: 584.0

ornl:
  lat: 35.93051398
  lon: -84.31067453
  alt: 0.0
