attack_params:
  type: "dynamic"
  fabric_lat: 35.9442323021756
  fabric_lon: 84.31181199768014
  fabric_alt: 50.0
  dynamic_attack_alt: 50.0
  dynamic_delay_seconds: 20